H=[0 0 1/2 0 1/3 0; 0 0 0 0 1/3 0; 0 1/2 0 1/2 0 1/3; 0 0 0 0 1/3 1/3; 0 1/2 0 0 0 1/3; 1 0 1/2 1/2 0 0]

d=.8

I=eye(6)

vect=ones(6,1)

r=((-d*H+I)^-1)*(1-d)*vect